1,1,120.16,332.7,139.20000000000002,59.19,1,1,1.0
1,2,732.89,265.83,73.45000000000005,41.660000000000025,1,1,1.0
1,3,554.23,259.26,35.069999999999936,26.30000000000001,1,1,1.0
1,4,207.48,247.63,97.03,47.76999999999998,1,1,0.0
2,1,98.23,338.18,139.20999999999998,59.19,1,1,1.0
2,2,719.74,265.83,73.43999999999994,41.660000000000025,1,1,1.0
2,3,551.17,259.26,35.07000000000005,26.30000000000001,1,1,0.0
2,4,207.48,247.63,97.03,47.76999999999998,1,1,0.0
3,1,70.83,341.46,139.20999999999998,59.200000000000045,1,1,1.0
3,2,705.49,269.12,73.43999999999994,41.64999999999998,1,1,1.0
3,3,544.44,259.26,35.069999999999936,26.30000000000001,1,1,0.0
3,4,207.48,247.63,97.03,47.76999999999998,1,1,0.0
4,1,47.81,343.69,142.49,63.54000000000002,1,1,1.0
4,2,692.34,272.41,73.43999999999994,41.64999999999998,1,1,1.0
4,3,540.16,259.26,35.07000000000005,26.30000000000001,1,1,0.0
4,4,207.48,247.63,97.03,47.76999999999998,1,1,0.0
5,1,23.7,350.27,142.48000000000002,63.54000000000002,1,1,1.0
5,2,679.19,272.41,73.43999999999994,41.64999999999998,1,1,1.0
5,3,535.26,258.64,35.08000000000004,26.310000000000002,1,1,0.0
5,4,207.48,247.63,97.03,47.76999999999998,1,1,0.0
6,1,2.87,351.37,142.49,63.54000000000002,1,1,1.0
6,2,666.03,276.79,73.44000000000005,41.65999999999997,1,1,1.0
6,3,529.76,256.81,35.08000000000004,26.310000000000002,1,1,0.0
6,4,207.48,247.63,97.03,47.76999999999998,1,1,0.0
7,1,0.0,354.7,125.63,65.69,1,1,1.0
7,2,650.69,277.89,77.80999999999995,41.650000000000034,1,1,1.0
7,3,524.25,256.81,35.08000000000004,26.310000000000002,1,1,0.0
7,4,207.48,247.63,97.03,47.76999999999998,1,1,0.0
8,1,0.0,354.7,103.71,72.25999999999999,1,1,1.0
8,2,636.44,281.18,77.80999999999995,41.64999999999998,1,1,1.0
8,3,520.58,259.87,35.07999999999993,26.310000000000002,1,1,0.0
8,4,207.48,247.63,97.03,47.76999999999998,1,1,0.0
9,1,0.0,360.2,77.4,66.75999999999999,1,1,1.0
9,2,620.0,282.28,83.29999999999995,41.650000000000034,1,1,1.0
9,3,514.47,262.31,35.07999999999993,26.310000000000002,1,1,0.0
9,4,207.48,247.63,97.03,47.76999999999998,1,1,0.0
10,1,0.0,360.2,52.2,66.75999999999999,1,1,1.0
10,2,604.65,285.56,83.30000000000007,41.660000000000025,1,1,1.0
10,3,508.96,262.31,35.079999999999984,26.310000000000002,1,1,0.0
10,4,207.48,247.63,97.03,47.76999999999998,1,1,0.0
11,1,0.0,375.5,30.3,55.89999999999998,1,1,1.0
11,2,591.5,284.5,83.29999999999995,46.00999999999999,1,1,1.0
11,3,504.07,262.31,35.079999999999984,26.310000000000002,1,1,0.0
11,4,207.48,247.63,97.03,47.76999999999998,1,1,0.0
12,2,576.15,288.88,83.31000000000006,46.00999999999999,1,1,0.0
12,3,496.12,261.09,35.08000000000004,26.310000000000002,1,1,0.0
12,4,207.48,247.63,97.03,47.76999999999998,1,1,0.0
13,2,561.9,288.88,83.31000000000006,46.00999999999999,1,1,0.0
13,3,491.23,261.09,35.069999999999936,26.310000000000002,1,1,1.0
13,4,207.48,247.63,97.03,47.76999999999998,1,1,0.0
14,2,546.55,291.08,83.31000000000006,46.0,1,1,0.0
14,3,484.5,260.48,35.07000000000005,26.310000000000002,1,1,1.0
14,4,207.48,247.63,97.03,47.76999999999998,1,1,1.0
15,2,531.21,294.36,83.29999999999995,46.00999999999999,1,1,0.0
15,3,477.16,260.48,36.93000000000001,26.310000000000002,1,1,1.0
15,4,207.48,247.63,97.03,47.76999999999998,1,1,1.0
16,2,510.4,296.2,91.26999999999998,46.0,1,1,0.0
16,3,471.04,261.09,36.93000000000001,26.310000000000002,1,1,1.0
16,4,207.48,247.63,97.03,47.76999999999998,1,1,1.0
17,2,493.89,301.09,91.26999999999998,46.01000000000005,1,1,0.0
17,3,463.7,261.09,36.93000000000001,26.310000000000002,1,1,1.0
17,4,207.48,247.63,97.03,47.76999999999998,1,1,1.0
18,2,475.54,301.1,91.26999999999992,47.21999999999997,1,1,0.0
18,3,456.36,261.09,36.93000000000001,26.310000000000002,1,1,1.0
18,4,207.48,247.63,97.03,47.76999999999998,1,1,1.0
19,2,460.38,305.84,91.26999999999998,47.22000000000003,1,1,0.0
19,3,450.68,261.09,36.93000000000001,26.310000000000002,1,1,1.0
19,4,207.48,247.63,97.03,47.76999999999998,1,1,1.0
20,2,441.43,303.0,91.27000000000004,54.79000000000002,1,1,0.0
20,3,444.05,260.14,36.93000000000001,26.310000000000002,1,1,1.0
20,4,207.48,247.63,97.03,47.76999999999998,1,1,1.0
21,2,424.38,307.74,99.82000000000005,54.789999999999964,1,1,1.0
21,3,438.37,260.14,36.93000000000001,26.310000000000002,1,1,1.0
21,4,207.48,247.63,97.03,47.76999999999998,1,1,1.0
22,2,406.38,312.47,99.82,54.799999999999955,1,1,1.0
22,3,430.79,259.2,36.93000000000001,26.30000000000001,1,1,1.0
22,4,207.48,247.63,97.03,47.76999999999998,1,1,1.0
23,2,387.43,315.32,104.57,54.79000000000002,1,1,1.0
23,3,427.0,259.2,36.93000000000001,26.30000000000001,1,1,1.0
23,4,207.48,247.63,97.03,47.76999999999998,1,1,1.0
24,2,368.48,318.16,104.57,54.789999999999964,1,1,1.0
24,3,421.31,259.2,36.93000000000001,26.30000000000001,1,1,1.0
24,4,207.48,247.63,97.03,47.76999999999998,1,1,1.0
25,2,349.54,321.0,104.56,54.79000000000002,1,1,1.0
25,3,415.63,259.2,36.93000000000001,26.30000000000001,1,1,1.0
25,4,207.48,247.63,97.03,47.76999999999998,1,1,1.0
26,2,328.69,324.8,112.11000000000001,56.68000000000001,1,1,1.0
26,3,408.05,259.2,36.93000000000001,26.30000000000001,1,1,1.0
26,4,207.48,247.63,97.03,47.76999999999998,1,1,1.0
27,2,307.85,327.64,112.10999999999996,56.68000000000001,1,1,1.0
27,3,402.36,257.3,36.93000000000001,26.310000000000002,1,1,0.0
27,4,207.48,247.63,97.03,47.76999999999998,1,1,1.0
28,2,288.91,330.49,113.98999999999995,56.670000000000016,1,1,1.0
28,3,396.68,255.41,36.93000000000001,26.299999999999983,1,1,0.0
28,4,207.48,247.63,97.03,47.76999999999998,1,1,1.0
29,2,269.17,337.06,114.0,56.68000000000001,1,1,1.0
29,3,390.1,253.21,36.92999999999995,26.309999999999974,1,1,0.0
29,4,207.48,247.63,97.03,47.76999999999998,1,1,1.0
30,2,245.06,339.3,119.44,59.920000000000016,1,1,1.0
30,3,385.21,254.44,36.93000000000001,26.30000000000001,1,1,0.0
30,4,207.48,247.63,97.03,47.76999999999998,1,1,1.0
31,2,223.04,340.5,124.35999999999999,62.389999999999986,1,1,1.0
31,3,371.14,252.6,33.860000000000014,23.299999999999983,1,1,0.0
31,4,207.48,247.63,97.03,47.76999999999998,1,1,1.0
32,2,200.41,346.62,124.35999999999999,62.389999999999986,1,1,1.0
32,3,367.47,253.83,33.85999999999996,23.289999999999992,1,1,0.0
32,4,207.48,247.63,97.03,47.76999999999998,1,1,1.0
33,2,176.56,349.1,129.83999999999997,64.19,1,1,1.0
33,3,362.89,254.13,33.85000000000002,23.30000000000001,1,1,0.0
33,4,207.48,247.63,97.03,47.76999999999998,1,1,1.0
34,2,152.09,350.9,136.60999999999999,68.5,1,1,1.0
34,3,358.3,254.44,33.860000000000014,23.29000000000002,1,1,0.0
34,4,207.48,247.63,97.03,47.76999999999998,1,1,1.0
35,2,127.63,356.41,136.61,68.5,1,1,1.0
35,3,351.57,256.27,33.860000000000014,23.30000000000001,1,1,0.0
35,4,207.48,247.63,97.03,47.76999999999998,1,1,1.0
36,2,101.33,360.7,142.76999999999998,71.55000000000001,1,1,1.0
36,3,344.84,256.88,33.860000000000014,23.30000000000001,1,1,0.0
36,4,207.48,247.63,97.03,47.76999999999998,1,1,1.0
37,2,73.8,363.8,147.10000000000002,76.39999999999998,1,1,1.0
37,3,337.5,256.27,33.860000000000014,23.30000000000001,1,1,0.0
37,4,207.48,247.63,97.03,47.76999999999998,1,1,1.0
38,2,44.45,363.8,154.45,79.45999999999998,1,1,1.0
38,3,330.17,255.05,33.849999999999966,23.30000000000001,1,1,0.0
38,4,207.48,247.63,97.03,47.76999999999998,1,1,1.0
39,2,19.98,371.75,154.46,79.45999999999998,1,1,1.0
39,3,322.83,253.83,33.85000000000002,23.289999999999992,1,1,0.0
39,4,207.48,247.63,97.03,47.76999999999998,1,1,1.0
40,2,0.0,377.25,153.64,79.45999999999998,1,1,1.0
40,3,317.93,255.66,33.860000000000014,23.299999999999983,1,1,0.0
40,4,207.48,247.63,97.03,47.76999999999998,1,1,1.0
41,2,0.0,380.92,124.94,79.45999999999998,1,1,1.0
41,3,312.43,255.66,33.860000000000014,23.299999999999983,1,1,0.0
41,4,207.48,247.63,97.03,47.76999999999998,1,1,1.0
42,2,0.0,387.48,102.9,79.44999999999999,1,1,1.0
42,3,305.7,255.66,33.860000000000014,23.299999999999983,1,1,0.0
42,4,207.48,247.63,97.03,47.76999999999998,1,1,1.0
43,2,0.0,389.11,80.8,79.45999999999998,1,1,1.0
43,3,295.06,252.39,33.85000000000002,23.29000000000002,1,1,0.0
43,4,207.48,247.63,97.03,47.76999999999998,1,1,1.0
44,2,0.0,389.11,50.5,79.45999999999998,1,1,1.0
44,3,292.6,252.39,33.85999999999996,23.29000000000002,1,1,0.0
44,4,207.48,247.63,97.03,47.76999999999998,1,1,1.0
45,2,0.0,402.2,25.9,66.37,1,1,1.0
45,3,284.41,251.57,33.85999999999996,23.30000000000001,1,1,0.0
45,4,207.48,247.63,97.03,47.76999999999998,1,1,1.0
46,3,277.04,251.57,33.85999999999996,23.30000000000001,1,1,0.0
46,4,207.48,247.63,97.03,47.76999999999998,1,1,1.0
47,3,269.46,249.67,33.860000000000014,23.30000000000004,1,1,0.0
47,4,207.48,247.63,97.03,47.76999999999998,1,1,1.0
48,3,265.35,249.22,33.85999999999996,23.289999999999992,1,1,0.0
48,4,207.48,247.63,97.03,47.76999999999998,1,1,1.0
49,3,260.78,249.22,33.860000000000014,23.289999999999992,1,1,0.0
49,4,207.48,247.63,97.03,47.76999999999998,1,1,1.0
50,3,253.38,249.22,33.860000000000014,23.289999999999992,1,1,0.0
50,4,207.48,247.63,97.03,47.76999999999998,1,1,1.0
51,3,248.1,249.22,33.849999999999994,23.289999999999992,1,1,0.0
51,4,207.48,247.63,97.03,47.76999999999998,1,1,1.0
52,3,238.05,247.1,33.860000000000014,23.299999999999983,1,1,0.0
52,5,949.07,223.71,10.92999999999995,57.319999999999965,1,1,1.0
52,4,207.48,247.63,97.03,47.76999999999998,1,1,1.0
53,3,232.24,247.1,33.860000000000014,23.299999999999983,1,1,0.0
53,5,943.4,223.71,16.600000000000023,57.319999999999965,1,1,1.0
53,4,207.48,247.63,97.03,47.76999999999998,1,1,1.0
54,3,221.67,247.63,33.85000000000002,23.30000000000001,1,1,0.0
54,5,939.2,223.71,20.799999999999955,60.18999999999997,1,1,1.0
54,4,207.48,247.63,97.03,47.76999999999998,1,1,1.0
55,3,215.32,247.1,33.860000000000014,23.299999999999983,1,1,0.0
55,5,934.2,223.71,25.799999999999955,63.68999999999997,1,1,1.0
55,4,207.48,247.63,97.03,47.76999999999998,1,1,1.0
56,3,210.04,247.1,33.849999999999994,23.299999999999983,1,1,0.0
56,5,930.0,223.71,30.0,63.68999999999997,1,1,1.0
56,4,207.48,247.63,97.03,47.76999999999998,1,1,1.0
57,3,205.79,247.1,33.860000000000014,23.299999999999983,1,1,0.0
57,5,925.8,223.71,34.200000000000045,63.68999999999997,1,1,1.0
57,4,207.48,247.63,97.03,47.76999999999998,1,1,1.0
58,3,198.71,248.52,33.859999999999985,23.299999999999983,1,1,0.0
58,5,920.1,223.71,39.89999999999998,67.18999999999997,1,1,1.0
58,4,207.48,247.63,97.03,47.76999999999998,1,1,1.0
59,3,193.05,248.52,33.859999999999985,23.299999999999983,1,1,0.0
59,5,915.1,223.71,44.89999999999998,69.98999999999998,1,1,1.0
59,4,207.48,247.63,97.03,47.76999999999998,1,1,1.0
60,3,187.39,248.52,33.860000000000014,23.299999999999983,1,1,0.0
60,5,910.9,223.71,49.10000000000002,70.68999999999997,1,1,1.0
60,4,207.48,247.63,97.03,47.76999999999998,1,1,1.0
61,3,179.61,249.22,33.849999999999994,23.299999999999983,1,1,0.0
61,5,906.7,223.71,53.299999999999955,74.89000000000001,1,1,1.0
61,4,207.48,247.63,97.03,47.76999999999998,1,1,1.0
62,3,172.53,249.22,33.849999999999994,23.299999999999983,1,1,0.0
62,5,901.7,223.71,58.299999999999955,77.68999999999997,1,1,1.0
62,4,207.48,247.63,97.03,47.76999999999998,1,1,1.0
63,3,163.97,247.75,33.860000000000014,23.30000000000001,1,1,0.0
63,5,895.0,223.71,65.0,77.68999999999997,1,1,1.0
63,4,207.48,247.63,97.03,47.76999999999998,1,1,1.0
64,3,156.6,247.16,33.860000000000014,23.299999999999983,1,1,0.0
64,5,887.09,228.61,72.29999999999995,77.68,1,1,1.0
64,4,207.48,247.63,97.03,47.76999999999998,1,1,1.0
65,3,151.59,247.16,33.849999999999994,23.299999999999983,1,1,0.0
65,5,882.2,228.61,77.18999999999994,77.68,1,1,1.0
65,4,207.48,247.63,97.03,47.76999999999998,1,1,1.0
66,3,145.1,247.16,33.849999999999994,23.299999999999983,1,1,0.0
66,5,877.3,228.61,82.09000000000003,77.68,1,1,1.0
66,4,207.48,247.63,97.03,47.76999999999998,1,1,1.0
67,3,135.66,247.16,33.860000000000014,23.299999999999983,1,1,0.0
67,5,871.2,228.61,88.18999999999994,77.68,1,1,1.0
67,4,207.48,247.63,97.03,47.76999999999998,1,1,1.0
68,3,128.28,247.16,33.859999999999985,23.299999999999983,1,1,0.0
68,5,865.7,228.61,93.68999999999994,83.19,1,1,1.0
68,4,207.48,247.63,97.03,47.76999999999998,1,1,1.0
69,3,121.5,246.27,33.860000000000014,23.299999999999983,1,1,0.0
69,5,858.4,228.61,100.99000000000001,83.19,1,1,1.0
69,4,207.48,247.63,97.03,47.76999999999998,1,1,1.0
70,3,116.19,245.68,33.860000000000014,23.30000000000001,1,1,0.0
70,5,853.5,228.61,105.88999999999999,83.19,1,1,1.0
70,4,207.48,247.63,97.03,47.76999999999998,1,1,1.0
71,3,110.0,246.27,33.849999999999994,23.299999999999983,1,1,0.0
71,5,846.8,228.61,112.59000000000003,83.19,1,1,1.0
71,4,207.48,247.63,97.03,47.76999999999998,1,1,1.0
72,3,102.62,244.8,33.859999999999985,23.30000000000001,1,1,0.0
72,5,840.1,228.61,119.28999999999996,83.19,1,1,1.0
72,4,207.48,247.63,97.03,47.76999999999998,1,1,1.0
73,3,94.07,245.09,33.860000000000014,23.299999999999983,1,1,0.0
73,5,832.8,228.61,126.59000000000003,88.69,1,1,1.0
73,4,207.48,247.63,97.03,47.76999999999998,1,1,1.0
74,3,87.88,244.5,33.85000000000001,23.30000000000001,1,1,0.0
74,5,825.5,228.61,133.89,88.69,1,1,1.0
74,4,207.48,247.63,97.03,47.76999999999998,1,1,1.0
75,3,81.39,244.8,33.849999999999994,23.30000000000001,1,1,0.0
75,5,818.2,228.61,141.18999999999994,92.38999999999999,1,1,1.0
75,4,207.48,247.63,97.03,47.76999999999998,1,1,1.0
76,3,73.42,244.5,33.86,23.30000000000001,1,1,0.0
76,5,809.6,228.61,149.78999999999996,92.38999999999999,1,1,1.0
76,6,799.52,257.44,47.50999999999999,27.410000000000025,1,1,0.0
76,4,207.48,247.63,97.03,47.76999999999998,1,1,1.0
77,3,67.52,243.33,33.86,23.289999999999992,1,1,0.0
77,5,803.2,231.8,156.18999999999994,92.89999999999998,1,1,1.0
77,6,791.29,259.72,47.51999999999998,27.409999999999968,1,1,0.0
77,4,207.48,247.63,97.03,47.76999999999998,1,1,1.0
78,3,60.44,244.21,33.86,23.299999999999983,1,1,0.0
78,5,795.0,233.2,164.39,95.60000000000002,1,1,1.0
78,6,781.7,260.18,47.50999999999999,27.409999999999968,1,1,0.0
78,4,207.48,247.63,97.03,47.76999999999998,1,1,1.0
79,3,52.77,243.33,33.85999999999999,23.289999999999992,1,1,0.0
79,5,787.7,233.2,166.69999999999993,95.60000000000002,1,1,1.0
79,6,773.02,261.55,47.50999999999999,27.409999999999968,1,1,0.0
79,4,207.48,247.63,97.03,47.76999999999998,1,1,1.0
80,3,44.52,241.26,33.85,23.30000000000001,1,1,0.0
80,5,779.02,235.48,166.70000000000005,95.6,1,1,1.0
80,6,760.68,262.01,47.520000000000095,27.410000000000025,1,1,0.0
80,4,207.48,247.63,97.03,47.76999999999998,1,1,1.0
81,3,37.73,241.26,33.86000000000001,23.30000000000001,1,1,0.0
81,5,769.86,235.48,170.38,95.62000000000003,1,1,1.0
81,6,751.47,262.01,47.50999999999999,27.410000000000025,1,1,0.0
81,4,207.48,247.63,97.03,47.76999999999998,1,1,1.0
82,3,33.9,241.26,33.85,23.30000000000001,1,1,0.0
82,5,763.37,236.5,171.42999999999995,95.62,1,1,1.0
82,6,742.25,262.69,47.51999999999998,27.410000000000025,1,1,0.0
82,4,207.48,247.63,97.03,47.76999999999998,1,1,1.0
83,3,27.7,241.26,33.86,23.30000000000001,1,1,0.0
83,5,753.48,238.5,175.51999999999998,97.04000000000002,1,1,1.0
83,6,730.65,262.69,47.50999999999999,27.410000000000025,1,1,0.0
83,4,207.48,247.63,97.03,47.76999999999998,1,1,1.0
84,3,20.33,239.2,33.86,23.29000000000002,1,1,0.0
84,5,744.26,239.2,178.94000000000005,98.38,1,1,1.0
84,6,720.41,264.05,47.50999999999999,27.420000000000016,1,1,0.0
84,4,207.48,247.63,97.03,47.76999999999998,1,1,1.0
85,3,12.66,238.61,33.86,23.289999999999964,1,1,0.0
85,5,734.36,239.9,183.34000000000003,99.72999999999999,1,1,1.0
85,6,710.17,264.05,47.520000000000095,27.420000000000016,1,1,0.0
85,4,207.48,247.63,97.03,47.76999999999998,1,1,1.0
86,3,6.47,238.61,33.85,23.289999999999964,1,1,0.0
86,5,725.49,240.24,183.34000000000003,99.73000000000002,1,1,1.0
86,6,699.59,263.4,51.90999999999997,28.75,1,1,0.0
86,4,207.48,247.63,97.03,47.76999999999998,1,1,1.0
87,3,0.27,238.61,33.86,23.289999999999964,1,1,0.0
87,5,716.62,242.3,188.48000000000002,102.44999999999999,1,1,1.0
87,6,689.35,265.45,51.90999999999997,28.75,1,1,0.0
87,4,207.48,247.63,97.03,47.76999999999998,1,1,1.0
88,3,0.0,236.54,24.4,19.460000000000008,1,1,0.0
88,5,707.75,243.0,191.25,104.48000000000002,1,1,1.0
88,6,675.36,263.1,58.039999999999964,32.45999999999998,1,1,0.0
88,4,207.48,247.63,97.03,47.76999999999998,1,1,1.0
89,3,0.0,237.4,17.32,18.0,1,1,0.0
89,5,696.14,242.0,195.65999999999997,107.87,1,1,1.0
89,6,665.46,265.15,58.039999999999964,32.460000000000036,1,1,0.0
89,4,207.48,247.63,97.03,47.76999999999998,1,1,1.0
90,3,0.0,237.4,9.4,18.0,1,1,0.0
90,5,686.59,243.4,200.40999999999997,109.53999999999999,1,1,1.0
90,6,654.2,265.83,58.039999999999964,32.460000000000036,1,1,0.0
90,4,207.48,247.63,97.03,47.76999999999998,1,1,1.0
91,5,675.67,243.4,202.83000000000004,111.24999999999997,1,1,1.0
91,6,642.94,264.81,58.039999999999964,32.45999999999998,1,1,0.0
91,4,207.48,247.63,97.03,47.76999999999998,1,1,1.0
92,5,665.09,244.8,206.20999999999992,111.56,1,1,1.0
92,6,630.31,266.17,63.49000000000001,32.45999999999998,1,1,0.0
92,4,207.48,247.63,97.03,47.76999999999998,1,1,1.0
93,5,653.48,246.17,211.31999999999994,111.55000000000004,1,1,1.0
93,6,617.0,265.83,71.70000000000005,32.460000000000036,1,1,0.0
93,4,207.48,247.63,97.03,47.76999999999998,1,1,1.0
94,5,642.9,249.2,213.0,111.59000000000003,1,1,1.0
94,6,604.04,267.54,77.86000000000001,32.45999999999998,1,1,0.0
94,7,801.11,245.4,65.79999999999995,37.359999999999985,1,1,0.0
94,4,207.48,247.63,97.03,47.76999999999998,1,1,1.0
95,5,630.96,252.6,218.14,113.65,1,1,1.0
95,6,591.07,266.85,77.8599999999999,32.46999999999997,1,1,0.0
95,7,794.42,245.4,65.80000000000007,37.359999999999985,1,1,0.0
95,4,207.48,247.63,97.03,47.76999999999998,1,1,0.0
96,5,620.72,251.9,221.88,113.33000000000001,1,1,1.0
96,6,577.76,266.85,77.86000000000001,32.46999999999997,1,1,0.0
96,7,786.06,245.96,65.79000000000008,37.349999999999994,1,1,0.0
96,4,207.48,247.63,97.03,47.76999999999998,1,1,0.0
97,5,609.12,251.9,224.58000000000004,118.45000000000002,1,1,1.0
97,6,565.13,269.24,85.66999999999996,32.45999999999998,1,1,0.0
97,7,778.26,246.52,65.78999999999996,37.349999999999994,1,1,0.0
97,4,207.48,247.63,97.03,47.76999999999998,1,1,0.0
98,5,597.86,254.6,228.03999999999996,119.16,1,1,1.0
98,6,552.16,271.29,85.67000000000007,32.45999999999998,1,1,0.0
98,7,768.22,246.52,65.78999999999996,37.349999999999994,1,1,0.0
98,4,207.48,247.63,97.03,47.76999999999998,1,1,0.0
99,5,583.52,253.6,236.58000000000004,124.94000000000003,1,1,1.0
99,6,541.24,271.63,87.75999999999999,32.45999999999998,1,1,0.0
99,7,761.53,247.63,65.79000000000008,37.360000000000014,1,1,0.0
99,4,207.48,247.63,97.03,47.76999999999998,1,1,0.0
100,5,569.53,257.0,240.67000000000007,127.33999999999997,1,1,1.0
100,6,524.86,271.63,99.03999999999996,32.45999999999998,1,1,0.0
100,7,751.49,248.75,65.78999999999996,37.35000000000002,1,1,0.0
100,4,207.48,247.63,97.03,47.76999999999998,1,1,0.0
101,5,559.29,257.7,244.11,128.69,1,1,1.0
101,6,511.55,272.31,99.04000000000002,32.46999999999997,1,1,0.0
101,7,742.01,248.75,65.79999999999995,37.35000000000002,1,1,0.0
101,4,207.48,247.63,97.03,47.76999999999998,1,1,0.0
102,5,545.98,259.4,247.51999999999998,130.74,1,1,1.0
102,6,499.26,272.65,99.03999999999996,32.47000000000003,1,1,0.0
102,7,731.42,249.3,65.79000000000008,37.360000000000014,1,1,0.0
102,4,207.48,247.63,97.03,47.76999999999998,1,1,0.0
103,5,531.53,258.9,255.26999999999998,135.58000000000004,1,1,1.0
103,6,484.81,271.69,99.04000000000002,32.45999999999998,1,1,0.0
103,7,719.71,250.42,65.78999999999996,37.349999999999994,1,1,0.0
103,4,207.48,247.63,97.03,47.76999999999998,1,1,0.0
104,5,517.55,260.3,261.05000000000007,139.95999999999998,1,1,1.0
104,6,470.83,273.14,99.04000000000002,32.460000000000036,1,1,0.0
104,7,707.45,250.42,65.78999999999996,37.349999999999994,1,1,0.0
104,4,207.48,247.63,97.03,47.76999999999998,1,1,0.0
105,5,505.02,264.16,261.05000000000007,139.95999999999998,1,1,1.0
105,6,459.75,276.03,99.03999999999996,32.460000000000036,1,1,0.0
105,7,694.1,251.53,70.76999999999998,37.359999999999985,1,1,0.0
105,8,945.52,224.21,14.480000000000018,41.26000000000002,1,1,1.0
105,4,207.48,247.63,97.03,47.76999999999998,1,1,0.0
106,5,492.2,263.04,267.2,139.95999999999998,1,1,1.0
106,6,441.91,276.03,99.04000000000002,32.460000000000036,1,1,0.0
106,7,681.28,252.65,70.76999999999998,37.349999999999994,1,1,0.0
106,8,941.1,214.7,18.899999999999977,50.77000000000004,1,1,1.0
106,4,207.48,247.63,97.03,47.76999999999998,1,1,0.0
107,5,475.03,264.5,274.6700000000001,143.73000000000002,1,1,1.0
107,6,431.46,276.03,99.04000000000002,32.460000000000036,1,1,0.0
107,7,664.0,254.88,78.57000000000005,37.360000000000014,1,1,0.0
107,8,938.3,216.4,21.700000000000045,49.07000000000002,1,1,1.0
107,4,207.48,247.63,97.03,47.76999999999998,1,1,0.0
108,5,458.61,264.5,280.59000000000003,147.45999999999998,1,1,1.0
108,6,416.53,276.03,99.04000000000008,32.460000000000036,1,1,0.0
108,7,656.26,254.88,78.57000000000005,37.360000000000014,1,1,0.0
108,8,934.0,216.4,26.0,49.07000000000002,1,1,1.0
108,4,207.48,247.63,97.03,47.76999999999998,1,1,0.0
109,5,445.17,269.7,288.83,144.5,1,1,1.0
109,6,400.08,275.99,106.53000000000003,36.23000000000002,1,1,0.0
109,7,635.0,255.52,86.92999999999995,37.359999999999985,1,1,0.0
109,8,929.7,216.4,30.299999999999955,49.07000000000002,1,1,1.0
109,4,207.48,247.63,97.03,47.76999999999998,1,1,0.0
110,5,427.26,274.18,288.83000000000004,144.49,1,1,1.0
110,6,385.9,275.99,106.53000000000003,36.23000000000002,1,1,0.0
110,7,623.39,256.81,86.91999999999996,37.360000000000014,1,1,0.0
110,8,925.2,216.4,34.799999999999955,52.70000000000002,1,1,1.0
110,4,207.48,247.63,97.03,47.76999999999998,1,1,0.0
111,5,410.09,274.2,300.81,150.45,1,1,1.0
111,6,373.95,275.99,106.54000000000002,36.23000000000002,1,1,0.0
111,7,611.13,257.46,86.92999999999995,37.360000000000014,1,1,0.0
111,8,922.0,213.5,38.0,56.89999999999998,1,1,1.0
111,4,207.48,247.63,97.03,47.76999999999998,1,1,0.0
112,5,392.93,274.9,306.77000000000004,156.46000000000004,1,1,1.0
112,6,359.77,276.75,106.54000000000002,39.19999999999999,1,1,0.0
112,7,593.1,257.46,92.05999999999995,37.360000000000014,1,1,0.0
112,8,918.1,213.58,41.89999999999998,57.02000000000001,1,1,1.0
112,4,207.48,247.63,97.03,47.76999999999998,1,1,0.0
113,5,372.77,272.7,316.43000000000006,162.40000000000003,1,1,1.0
113,6,344.1,278.99,106.52999999999997,39.19999999999999,1,1,0.0
113,7,582.78,258.11,92.05000000000007,37.349999999999966,1,1,0.0
113,8,913.3,213.66,46.700000000000045,56.84,1,1,1.0
113,4,207.48,247.63,97.03,47.76999999999998,1,1,0.0
114,5,360.83,275.69,316.43,162.39,1,1,1.0
114,6,330.66,278.24,106.53999999999996,39.20999999999998,1,1,0.0
114,7,563.4,258.11,99.18000000000006,37.349999999999966,1,1,0.0
114,8,908.3,213.74,51.700000000000045,58.75999999999999,1,1,1.0
114,4,207.48,247.63,97.03,47.76999999999998,1,1,0.0
115,5,340.68,278.7,326.92,159.38,1,1,1.0
115,6,317.23,279.73,106.52999999999997,39.20999999999998,1,1,0.0
115,7,551.79,259.4,99.18000000000006,37.35000000000002,1,1,0.0
115,8,903.4,213.82,56.60000000000002,60.28000000000003,1,1,1.0
115,4,207.48,247.63,97.03,47.76999999999998,1,1,0.0
116,5,325.75,282.43,326.91999999999996,159.38,1,1,1.0
116,6,301.55,280.48,106.53999999999996,39.20999999999998,1,1,0.0
116,7,542.11,259.4,99.17999999999995,37.35000000000002,1,1,0.0
116,8,899.5,213.9,60.5,60.29999999999998,1,1,1.0
116,4,207.48,247.63,97.03,47.76999999999998,1,1,0.0
117,5,302.61,281.7,341.89,170.56,1,1,1.0
117,6,281.4,280.48,112.47000000000003,39.20999999999998,1,1,0.0
117,7,524.05,260.69,99.18000000000006,37.35000000000002,1,1,0.0
117,8,895.0,213.98,65.0,61.41999999999999,1,1,1.0
117,4,207.48,247.63,97.03,47.76999999999998,1,1,0.0
118,5,280.97,283.2,351.63,173.54000000000002,1,1,1.0
118,6,269.46,282.72,112.47000000000003,39.19999999999999,1,1,0.0
118,7,509.86,263.27,99.17999999999995,37.35000000000002,1,1,0.0
118,8,887.4,214.06,72.60000000000002,62.839999999999975,1,1,1.0
118,4,207.48,247.63,97.03,47.76999999999998,1,1,0.0
119,5,261.56,286.9,359.14000000000004,179.55,1,1,1.0
119,6,255.28,282.72,112.46000000000001,39.19999999999999,1,1,0.0
119,7,497.6,263.27,99.17999999999995,37.35000000000002,1,1,0.0
119,8,882.0,214.15,78.0,63.04999999999998,1,1,1.0
119,4,207.48,247.63,97.03,47.76999999999998,1,1,0.0
120,5,236.93,286.9,371.86999999999995,184.02000000000004,1,1,1.0
120,6,237.36,284.96,112.46999999999997,39.200000000000045,1,1,0.0
120,7,478.2,265.2,104.39000000000004,37.360000000000014,1,1,0.0
120,8,876.8,214.23,83.20000000000005,63.27000000000001,1,1,1.0
120,4,207.48,247.63,97.03,47.76999999999998,1,1,0.0
121,5,213.79,288.4,383.81000000000006,192.23000000000002,1,1,1.0
121,6,220.94,286.45,112.47000000000003,39.210000000000036,1,1,0.0
121,7,467.23,267.14,104.38999999999999,37.35000000000002,1,1,0.0
121,8,870.44,215.75,80.91999999999996,62.74000000000001,1,1,1.0
121,4,207.48,247.63,97.03,47.76999999999998,1,1,0.0
122,5,195.13,291.39,387.57000000000005,192.22000000000003,1,1,1.0
122,6,205.27,287.94,112.46000000000001,39.20999999999998,1,1,0.0
122,7,451.11,265.2,106.99000000000001,40.579999999999984,1,1,0.0
122,8,866.93,216.85,78.6400000000001,62.22,1,1,1.0
122,4,207.48,247.63,97.03,47.76999999999998,1,1,0.0
123,5,170.5,295.1,404.70000000000005,195.97999999999996,1,1,1.0
123,6,186.61,290.18,112.45999999999998,39.20999999999998,1,1,0.0
123,7,437.56,266.49,106.98999999999995,40.579999999999984,1,1,0.0
123,8,862.94,218.99,76.36999999999989,61.69999999999999,1,1,1.0
123,4,207.48,247.63,97.03,47.76999999999998,1,1,0.0
124,5,144.37,298.1,415.13,202.67999999999995,1,1,1.0
124,6,170.93,290.18,112.46999999999997,39.20999999999998,1,1,0.0
124,7,424.01,267.78,107.0,40.58000000000004,1,1,0.0
124,8,856.36,217.46,78.79999999999995,63.67999999999998,1,1,1.0
124,4,207.48,247.63,97.03,47.76999999999998,1,1,0.0
125,5,117.5,301.1,429.29999999999995,204.15999999999997,1,1,1.0
125,6,152.29,292.42,116.93000000000004,39.20999999999998,1,1,0.0
125,7,410.46,267.13,107.00000000000006,40.59000000000003,1,1,0.0
125,8,851.29,218.5,81.31000000000006,63.04000000000002,1,1,1.0
125,4,207.48,247.63,97.03,47.76999999999998,1,1,0.0
126,5,88.39,301.1,445.01,212.37,1,1,1.0
126,6,135.12,290.2,116.93,44.410000000000025,1,1,0.0
126,7,394.34,267.8,109.56,42.5,1,1,0.0
126,8,844.8,218.8,82.60000000000002,63.80000000000001,1,1,1.0
126,4,207.48,247.63,97.03,47.76999999999998,1,1,0.0
127,5,61.52,306.3,456.18000000000006,215.37999999999994,1,1,1.0
127,6,119.45,291.69,119.14999999999999,44.420000000000016,1,1,1.0
127,7,378.85,269.74,109.57,42.49000000000001,1,1,0.0
127,8,837.74,218.7,85.05999999999995,64.88999999999999,1,1,1.0
127,4,207.48,247.63,97.03,47.76999999999998,1,1,0.0
128,5,32.41,307.0,472.59000000000003,222.89,1,1,1.0
128,6,100.04,293.93,119.14999999999999,44.420000000000016,1,1,1.0
128,7,360.1,271.03,118.0,42.49000000000001,1,1,0.0
128,8,832.69,218.6,86.6099999999999,66.23999999999998,1,1,1.0
128,4,207.48,247.63,97.03,47.76999999999998,1,1,0.0
129,5,7.03,307.0,482.27000000000004,228.12,1,1,1.0
129,6,80.64,293.93,125.16000000000001,44.420000000000016,1,1,1.0
129,7,346.55,271.67,118.0,42.5,1,1,0.0
129,8,825.65,217.4,86.38999999999999,67.49999999999997,1,1,1.0
129,4,207.48,247.63,97.03,47.76999999999998,1,1,0.0
130,5,0.31,314.46,471.09,225.54000000000002,1,1,1.0
130,6,60.48,296.92,130.42000000000002,44.40999999999997,1,1,1.0
130,7,331.07,270.4,119.93,45.710000000000036,1,1,0.0
130,8,822.19,218.79,82.79999999999995,66.47,1,1,1.0
130,4,207.48,247.63,97.03,47.76999999999998,1,1,0.0
131,5,0.31,314.46,456.19,225.54000000000002,1,1,1.0
131,6,41.82,298.41,130.42000000000002,44.40999999999997,1,1,1.0
131,7,315.59,272.34,119.93,45.700000000000045,1,1,0.0
131,8,815.34,219.7,87.86000000000001,64.40000000000003,1,1,1.0
131,4,207.48,247.63,97.03,47.76999999999998,1,1,0.0
132,5,0.31,319.7,439.79,220.3,1,1,1.0
132,6,23.91,300.65,130.42000000000002,44.410000000000025,1,1,1.0
132,7,300.75,271.7,122.55000000000001,48.28000000000003,1,1,0.0
132,8,808.27,219.85,83.72000000000003,63.45000000000002,1,1,1.0
132,4,207.48,247.63,97.03,47.76999999999998,1,1,0.0
133,5,0.31,321.9,421.09,218.10000000000002,1,1,1.0
133,6,3.01,302.89,130.42000000000002,44.410000000000025,1,1,1.0
133,7,285.91,274.93,122.54999999999995,48.26999999999998,1,1,0.0
133,8,800.02,221.1,90.77999999999997,65.69000000000003,1,1,1.0
133,4,207.48,247.63,97.03,47.76999999999998,1,1,0.0
134,5,0.31,326.4,405.39,213.60000000000002,1,1,1.0
134,6,0.0,305.13,119.2,44.410000000000025,1,1,1.0
134,7,270.43,276.22,122.55000000000001,48.26999999999998,1,1,0.0
134,8,792.98,222.2,90.91999999999996,65.22000000000003,1,1,1.0
134,4,207.48,247.63,97.03,47.76999999999998,1,1,0.0
135,5,0.31,330.9,386.69,209.10000000000002,1,1,1.0
135,6,0.0,305.13,102.8,44.410000000000025,1,1,1.0
135,7,253.01,276.22,122.55000000000001,48.26999999999998,1,1,0.0
135,8,784.36,223.2,94.24000000000001,63.97000000000003,1,1,1.0
135,4,207.48,247.63,97.03,47.76999999999998,1,1,0.0
135,9,680.08,517.76,115.61000000000001,22.24000000000001,1,1,1.0
136,5,0.31,333.1,370.99,206.89999999999998,1,1,1.0
136,6,0.0,305.13,84.1,44.410000000000025,1,1,1.0
136,7,236.24,276.86,122.55000000000001,48.27999999999997,1,1,0.0
136,8,778.47,223.4,95.02999999999997,63.04999999999998,1,1,1.0
136,4,207.48,247.63,97.03,47.76999999999998,1,1,0.0
136,9,691.64,517.76,115.61000000000001,22.24000000000001,1,1,1.0
137,5,0.31,336.8,352.29,203.2,1,1,1.0
137,6,0.0,308.11,60.96,44.41999999999996,1,1,1.0
137,7,221.4,278.15,122.54999999999998,48.28000000000003,1,1,0.0
137,8,772.12,223.5,94.48000000000002,64.63999999999999,1,1,1.0
137,4,207.48,247.63,97.03,47.76999999999998,1,1,0.0
137,9,709.7,509.4,121.39999999999998,30.600000000000023,1,1,1.0
138,5,0.31,342.0,332.09,198.0,1,1,1.0
138,6,0.0,311.84,45.25,44.420000000000016,1,1,1.0
138,7,207.21,280.09,122.54999999999998,48.27000000000004,1,1,0.0
138,8,764.26,223.2,96.24000000000001,66.63,1,1,1.0
138,4,207.48,247.63,97.03,47.76999999999998,1,1,0.0
138,9,709.7,504.9,136.19999999999993,35.10000000000002,1,1,1.0
139,5,0.31,345.7,313.39,194.3,1,1,1.0
139,6,0.0,311.84,28.1,44.420000000000016,1,1,1.0
139,7,191.73,279.44,122.54999999999998,48.28000000000003,1,1,0.0
139,8,757.68,225.0,95.92000000000007,66.44,1,1,1.0
139,4,207.48,247.63,97.03,47.76999999999998,1,1,0.0
139,9,709.7,496.5,145.89999999999998,43.5,1,1,1.0
140,5,0.31,345.7,290.99,194.3,1,1,1.0
140,7,175.6,282.02,122.54999999999998,48.28000000000003,1,1,0.0
140,8,750.38,224.3,98.91999999999996,69.30000000000001,1,1,1.0
140,4,207.48,247.63,97.03,47.76999999999998,1,1,0.0
140,9,720.03,491.3,145.89,48.69999999999999,1,1,1.0
141,5,0.31,350.2,273.79,189.8,1,1,1.0
141,7,158.18,282.02,122.55000000000001,48.28000000000003,1,1,0.0
141,8,742.31,223.5,97.99000000000001,70.75999999999999,1,1,1.0
141,4,207.48,247.63,97.03,47.76999999999998,1,1,0.0
141,9,728.41,486.3,145.89999999999998,53.69999999999999,1,1,1.0
142,5,0.31,352.4,249.19,187.60000000000002,1,1,1.0
142,7,141.41,283.34,125.78,50.83000000000004,1,1,0.0
142,8,733.94,224.5,99.65999999999997,67.83999999999997,1,1,1.0
142,4,207.48,247.63,97.03,47.76999999999998,1,1,0.0
142,9,735.89,481.9,145.89999999999998,58.10000000000002,1,1,1.0
143,5,0.31,357.6,226.79,182.39999999999998,1,1,1.0
143,7,122.06,284.63,132.24,50.829999999999984,1,1,0.0
143,8,726.58,225.4,100.21999999999991,67.68999999999997,1,1,1.0
143,4,207.48,247.63,97.03,47.76999999999998,1,1,0.0
143,9,753.3,474.4,137.21000000000004,65.60000000000002,1,1,1.0
144,5,0.31,362.8,206.59,177.2,1,1,1.0
144,7,102.06,284.63,132.24,50.829999999999984,1,1,1.0
144,8,716.88,226.0,104.01999999999998,69.18,1,1,1.0
144,4,207.48,247.63,97.03,47.76999999999998,1,1,0.0
144,9,760.16,471.3,137.21000000000004,68.69999999999999,1,1,1.0
145,5,0.31,368.0,180.49,172.0,1,1,1.0
145,7,84.64,285.92,132.24,50.829999999999984,1,1,1.0
145,8,710.77,227.5,102.52999999999997,68.57999999999998,1,1,1.0
145,4,207.48,247.63,97.03,47.76999999999998,1,1,0.0
145,9,768.26,463.2,137.21000000000004,76.80000000000001,1,1,1.0
146,5,0.31,371.7,161.79,168.3,1,1,1.0
146,7,63.35,286.6,140.65,55.95999999999998,1,1,1.0
146,8,698.55,227.0,109.95000000000005,67.81,1,1,1.0
146,4,207.48,247.63,97.03,47.76999999999998,1,1,0.0
146,9,783.8,459.5,128.5200000000001,80.5,1,1,1.0
147,5,0.31,375.4,130.49,164.60000000000002,1,1,1.0
147,7,47.87,289.18,140.65,55.95999999999998,1,1,1.0
147,8,688.13,228.54,111.51999999999998,68.03999999999999,1,1,1.0
147,4,207.48,247.63,97.03,47.76999999999998,1,1,1.0
147,9,790.66,455.8,128.51999999999998,83.57999999999998,1,1,1.0
148,5,0.31,380.6,108.89,159.39999999999998,1,1,1.0
148,7,29.81,289.82,140.64,55.95999999999998,1,1,1.0
148,8,680.42,228.54,111.5200000000001,68.03999999999999,1,1,1.0
148,4,207.48,247.63,97.03,47.76999999999998,1,1,1.0
148,9,803.7,449.6,122.32999999999993,89.14999999999998,1,1,1.0
149,5,0.31,388.8,77.59,151.2,1,1,1.0
149,7,11.1,293.05,140.65,55.95999999999998,1,1,1.0
149,8,673.19,229.02,111.52999999999997,68.03999999999999,1,1,1.0
149,4,207.48,247.63,97.03,47.76999999999998,1,1,1.0
149,9,809.31,445.86,122.33000000000004,89.14999999999998,1,1,1.0
150,5,0.31,396.3,52.19,143.7,1,1,1.0
150,7,0.0,293.05,139.49,55.95999999999998,1,1,1.0
150,8,664.04,229.5,111.51999999999998,68.05000000000001,1,1,1.0
150,4,207.48,247.63,97.03,47.76999999999998,1,1,1.0
150,9,819.28,439.0,122.33000000000004,89.15999999999997,1,1,1.0
151,5,0.31,400.8,20.89,139.2,1,1,1.0
151,7,0.0,293.05,121.4,55.95999999999998,1,1,1.0
151,8,654.4,230.46,111.51999999999998,68.04999999999998,1,1,1.0
151,4,207.48,247.63,97.03,47.76999999999998,1,1,1.0
151,9,824.26,436.51,122.34000000000003,89.15999999999997,1,1,1.0
152,7,0.0,292.4,104.6,62.410000000000025,1,1,1.0
152,8,646.21,230.46,111.51999999999998,68.04999999999998,1,1,1.0
152,4,207.48,247.63,97.03,47.76999999999998,1,1,1.0
152,9,836.7,434.02,115.50999999999999,89.14999999999998,1,1,1.0
153,7,0.0,292.4,87.8,62.410000000000025,1,1,1.0
153,8,638.02,230.46,111.51999999999998,68.04999999999998,1,1,1.0
153,4,207.48,247.63,97.03,47.76999999999998,1,1,1.0
153,9,845.4,426.54,111.17000000000007,89.16000000000003,1,1,1.0
154,7,0.0,292.4,68.4,62.410000000000025,1,1,1.0
154,8,630.31,231.43,111.5200000000001,68.04000000000002,1,1,1.0
154,4,207.48,247.63,97.03,47.76999999999998,1,1,1.0
154,9,854.53,419.87,102.87,89.14999999999998,1,1,1.0
155,7,0.0,296.3,51.0,58.50999999999999,1,1,1.0
155,8,620.67,232.39,111.5200000000001,68.05000000000001,1,1,1.0
155,4,207.48,247.63,97.03,47.76999999999998,1,1,1.0
155,9,858.71,417.36,101.28999999999996,84.94,1,1,1.0
156,7,0.0,298.2,31.6,56.610000000000014,1,1,1.0
156,8,612.0,230.0,116.79999999999995,72.37,1,1,1.0
156,4,207.48,247.63,97.03,47.76999999999998,1,1,1.0
156,9,866.2,417.36,93.79999999999995,79.94,1,1,1.0
157,7,0.0,298.2,12.9,56.610000000000014,1,1,1.0
157,8,601.88,229.52,116.79999999999995,72.35999999999999,1,1,1.0
157,4,207.48,247.63,97.03,47.76999999999998,1,1,1.0
157,9,872.9,417.36,87.10000000000002,74.94,1,1,1.0
158,8,590.79,230.0,116.81000000000006,72.37,1,1,1.0
158,4,207.48,247.63,97.03,47.76999999999998,1,1,1.0
158,9,881.2,411.52,78.79999999999995,74.94,1,1,1.0
159,8,583.08,231.45,116.80999999999995,72.36000000000001,1,1,1.0
159,4,207.48,247.63,97.03,47.76999999999998,1,1,1.0
159,9,886.2,408.19,73.79999999999995,74.93,1,1,1.0
160,8,571.52,231.45,116.80000000000007,72.36000000000001,1,1,1.0
160,4,207.48,247.63,97.03,47.76999999999998,1,1,1.0
160,9,894.5,403.18,65.5,74.94,1,1,1.0
161,8,562.36,231.4,119.74000000000001,74.34,1,1,1.0
161,4,207.48,247.63,97.03,47.76999999999998,1,1,1.0
161,9,901.2,399.01,58.799999999999955,74.94,1,1,1.0
162,8,550.8,232.36,119.74000000000001,74.33999999999997,1,1,1.0
162,4,207.48,247.63,97.03,47.76999999999998,1,1,1.0
162,9,905.4,395.67,53.76999999999998,74.94,1,1,1.0
163,8,542.6,233.33,119.74000000000001,74.34,1,1,0.0
163,4,207.48,247.63,97.03,47.76999999999998,1,1,1.0
163,9,911.2,392.3,48.799999999999955,73.30000000000001,1,1,1.0
164,8,528.63,233.8,125.57000000000005,74.82999999999998,1,1,0.0
164,4,207.48,247.63,97.03,47.76999999999998,1,1,1.0
164,9,919.5,392.3,40.5,68.30000000000001,1,1,1.0
165,8,516.1,234.76,125.56999999999994,74.82999999999998,1,1,0.0
165,4,207.48,247.63,97.03,47.76999999999998,1,1,1.0
165,9,924.5,391.47,35.5,60.799999999999955,1,1,1.0
166,8,505.5,235.25,125.57000000000005,74.82,1,1,0.0
166,4,207.48,247.63,97.03,47.76999999999998,1,1,1.0
166,9,929.5,391.47,30.5,60.799999999999955,1,1,1.0
167,8,493.45,234.3,130.34999999999997,76.25999999999999,1,1,0.0
167,4,207.48,247.63,97.03,47.76999999999998,1,1,1.0
167,9,934.47,386.46,25.529999999999973,60.80000000000001,1,1,1.0
168,8,482.37,236.23,130.35000000000002,76.25000000000003,1,1,0.0
168,4,207.48,247.63,97.03,47.76999999999998,1,1,1.0
168,9,939.43,382.29,20.57000000000005,60.799999999999955,1,1,1.0
169,8,472.73,238.64,130.35000000000002,76.25,1,1,0.0
169,4,207.48,247.63,97.03,47.76999999999998,1,1,1.0
169,9,943.6,382.29,16.399999999999977,60.799999999999955,1,1,1.0
170,8,460.68,235.74,130.34999999999997,76.25999999999999,1,1,0.0
170,4,207.48,247.63,97.03,47.76999999999998,1,1,1.0
170,9,949.4,387.29,10.600000000000023,50.789999999999964,1,1,1.0
171,8,448.16,236.23,130.33999999999997,76.25000000000003,1,1,0.0
171,4,207.48,247.63,97.03,47.76999999999998,1,1,1.0
172,8,437.55,237.67,130.34999999999997,76.26000000000002,1,1,0.0
172,4,207.48,247.63,97.03,47.76999999999998,1,1,1.0
173,8,425.99,238.64,130.35000000000002,76.25,1,1,0.0
173,4,207.48,247.63,97.03,47.76999999999998,1,1,1.0
174,8,417.31,238.64,130.34999999999997,76.25,1,1,0.0
174,4,207.48,247.63,97.03,47.76999999999998,1,1,1.0
175,8,405.27,238.64,130.35000000000002,76.25,1,1,0.0
175,4,207.48,247.63,97.03,47.76999999999998,1,1,1.0
176,8,391.3,240.08,134.68,76.22,1,1,1.0
176,4,207.48,247.63,97.03,47.76999999999998,1,1,1.0
177,8,380.22,240.08,134.66999999999996,76.22,1,1,0.0
177,4,207.48,247.63,97.03,47.76999999999998,1,1,1.0
178,8,368.65,240.08,134.68,76.22,1,1,0.0
178,4,207.48,247.63,97.03,47.76999999999998,1,1,1.0
179,8,356.6,242.97,134.67999999999995,76.22,1,1,0.0
179,4,207.48,247.63,97.03,47.76999999999998,1,1,1.0
180,8,348.41,242.01,134.67999999999995,76.22000000000003,1,1,0.0
180,4,207.48,247.63,97.03,47.76999999999998,1,1,1.0
181,8,333.0,242.01,138.04000000000002,76.22000000000003,1,1,0.0
181,4,207.48,247.63,97.03,47.76999999999998,1,1,1.0
182,8,322.4,242.01,138.04000000000002,76.22000000000003,1,1,0.0
182,4,207.48,247.63,97.03,47.76999999999998,1,1,1.0
183,8,311.32,242.01,138.04000000000002,76.22000000000003,1,1,0.0
183,4,207.48,247.63,97.03,47.76999999999998,1,1,1.0
184,8,301.2,243.46,138.04000000000002,76.21000000000001,1,1,0.0
184,4,207.48,247.63,97.03,47.76999999999998,1,1,0.0
185,8,289.15,242.0,145.25,79.60000000000002,1,1,0.0
185,4,207.48,247.63,97.03,47.76999999999998,1,1,0.0
186,8,277.1,243.93,145.25,79.59999999999997,1,1,0.0
186,4,207.48,247.63,97.03,47.76999999999998,1,1,0.0
187,8,265.05,244.41,145.26,79.6,1,1,0.0
187,4,207.48,247.63,97.03,47.76999999999998,1,1,0.0
188,8,254.93,245.37,145.26,79.60000000000002,1,1,0.0
188,4,207.48,247.63,97.03,47.76999999999998,1,1,0.0
189,8,243.37,246.34,145.25,79.6,1,1,0.0
189,4,207.48,247.63,97.03,47.76999999999998,1,1,0.0
190,8,229.88,246.82,145.25,79.60000000000002,1,1,0.0
190,4,207.48,247.63,97.03,47.76999999999998,1,1,0.0
